001
00001
2
02
2
0002
1
1
3
04
0004
00005
5
005
1
2
00003
04
5
005
6
007
07
00008
0009
10
11
011
12
0013
0013
14
15
016
00017
18
19
20
21
00021
021
0022
023
00024
00025
26
0027
28
29
030
31
32
0032
33
034
34
00035
00036
0037
38
39
039
00040
41
42
43
044
44
0045
46
47
48
49
00050
0051
052
53
054
55
1
02
3
004
005
00006
0007
8
1
002
00003
04
5
0006
006
007
00008
0009
10
0011
011
12
0013
0014
15
0016
017
00018
19
0019
20
00021
22
00023
0024
25
026
027
28
00029
30
31
32
00032
00033
0034
035
36
37
037
00038
0039
40
041
41
42
00042
43
44
045
46
00047
0048
049
49
50
51
0052
53
54
054
55
56
56
57
58
59
0060
00060
61
62
063
64
65
0066
67
0068
069
00070
0071
0072
72
073
74
00075
0076
077
78
079
80
0081
82
83
83
84
00084
0085
86
87
088
89
00090
0090
90
091
92
00093
0094
95
96
097
00098
99
100
101
101
102
00103
00104
105
105
106
107
00107
108
109
0110
111
00112
0113
114
115
116
117
117
118
0119
120
0121
122
00123
124
125
126
127
0128
00128
129
130
131
131
00132
133
134
135
135
00136
0137
137
138
139
140
00141
142
143
144
144
00145
0146
147
148
148
149
00150
151
152
153
154
00154
0155
156
157
158
159
00160
161
162
163
163
00164
0165
1
0002
002
03
00004
05
6
7
008
8
00009
10
10
011
12
13
0014
14
0015
016
17
00017
18
19
20
021
00022
0023
24
25
026
1
00002
0003
4
5
006
07
8
0009
010
11
12
00013
0014
15
0016
017
00018
0018
19
20
021
22
00023
23
24
0025
026
27
00028
0029
30
031
31
00032
33
0033
0034
035
00036
36
37
0038
39
00040
040
41
42
43
044
45
0046
00047
48
49
50
00051
0052
53
0054
054
55
55
56
57
0058
59
00060
0061
62
0063
63
64
65
00065
0066
67
068
69
0070
71
0071
072
73
00074
0075
75
0076
077
78
00079
80
0080
081
82
00083
0084
85
0086
087
88
00089
0090
91
092
93
94
0095
96
97
98
099
100
00101
102
103
103
104
00105
106
107
108
109
00109
110
0111
112
113
114
115
0116
0116
117
118
119
120
121
0122
123
0124
125
0126
126
127
1
00002
03
3
0004
005
6
00007
8
0009
10
11
00012
0013
14
0015
016
17
00018
0019
20
21
021
22
23
24
25
26
027
00028
0029
30
31
032
33
00034
35
36
036
00037
37
0038
39
40
00040
41
00042
43
44
045
46
00047
0048
049
50
051
52
53
00053
54
0055
056
00057
0058
59
60
00061
00062
62
0063
64
64
065
66
00067
68
68
069
70
00070
0071
1
0002
003
4
00005
0006
1
002
03
0004
5
00005
0006
7
008
00009
0010
11
012
00013
014
0015
016
17
018
19
00020
21
22
0023
24
00025
00026
0027
28
029
30
00031
32
0033
34
034
00035
36
0037
38
038
39
40
0041
42
43
044
45
00046
47
48
049
050
00051
0052
53
54
055
56
00057
58
58
059
060
0061
00061
62
0063
064
65
00066
0067
68
69
70
00071
0071
72
73
074
75
00076
77
0078
78
079
00080
0081
0082
83
084
85
00085
01
2
3
004
5
6
0006
7
007
08
00009
0010
11
012
0013
14
00015
0016
16
017
017
00018
0019
20
021
0022
23
23
24
25
26
027
00028
0028
29
30
031
32
00033
33
34
35
035
00036
0037
38
0039
040
41
042
0043
44
045
0046
00046
0047
0048
49
050
51
00052
0053
54
0055
056
57
0058
00058
59
060
060
00061
62
62
63
064
65
66
0067
67
68
069
70
70
71
72
072
73
00074
0075
76
77
078
00079
00080
0081
82
83
84
00085
86
87
88
089
0090
00091
91
0092
93
093
00094
0095
96
0097
097
98
0099
0100
100
101
102
00103
0104
105
106
0107
00108
109
109
0110
110
111
112
113
114
0114
114
115
00116
0116
117
118
118
119
120
00121
0122
123
123
00124
0125
126
126
127
128
129
130
0131
132
133
00134
135
0135
0136
137
138
139
140
141
142
142
143
144
145
146
147
148
00149
149
0150
151
00152
153
154
155
156
157
158
00159
160
00161
0162
163
164
165
165
0166
167
168
00169
170
171
0172
173
00174
174
174
0175
176
176
00177
178
179
180
181
00182
00183
184
0185
186
1
00002
0003
4
0005
005
6
00007
8
0009
009
10
00011
11
12
13
014
15
016
17
18
019
20
00021
22
23
24
025
26
00027
28
28
029
030
00031
00032
33
34
035
36
00037
38
39
0040
041
42
00043
44
0045
046
47
00048
49
50
0051
052
52
00053
54
55
0056
057
00058
0059
00059
60
061
62
00062
63
0064
65
00066
066
0067
0068
069
70
70
071
72
73
0074
075
76
00077
77
78
79
80
00001
02
3
0004
005
06
00007
08
9
010
11
12
13
14
0015
016
17
00018
19
20
020
21
00022
0023
1
0002
003
4
00005
0006
7
008
8
00009
00010
0011
0012
012
13
00014
15
16
17
018
19
0020
21
022
23
00024
24
25
26
0027
028
